3
7
8
9
9
10
11
11
12
12
13
15
16
16
17
17
17
17
18
18
18
18
20
20
21
23
23
24
24
24
25
29
29
31
31
32
33
33
33
34
34
35
36
38
38
40
42
43
43
45
45
45
46
47
49
50
51
52
53
56
57
57
57
58
58
58
61
66
67
68
68
68
68
69
69
72
72
74
76
76
77
78
79
80
81
81
85
85
86
88
89
90
90
90
91
91
92
94
94
95
96
96
98
104
105
107
108
109
110
111
111
112
112
113
113
116
120
121
121
122
122
123
126
127
127
128
129
130
132
133
136
136
137
139
140
140
141
142
143
145
145
147
147
148
151
151
152
154
156
156
158
159
159
162
162
163
163
164
164
164
165
165
167
167
169
169
170
171
171
173
175
175
176
176
179
180
180
181
181
182
183
185
187
188
188
188
189
190
191
191
191
191
192
192
192
193
195
196
197
198
198
199
204
204
204
204
207
208
209
210
211
211
211
211
212
212
212
213
213
217
217
217
219
220
221
222
222
223
223
224
228
229
230
234
235
236
236
236
236
237
238
240
240
241
242
244
245
247
248
249
250
250
250
251
252
252
252
255
256
256
256
259
260
260
261
261
262
263
264
265
267
269
269
270
271
272
274
274
277
277
277
278
279
280
281
282
282
283
283
283
284
284
284
284
288
288
291
291
292
292
295
296
296
297
297
297
298
300
302
302
302
302
303
304
305
305
305
306
307
307
309
310
310
311
313
313
314
315
317
317
318
320
320
321
322
323
324
325
326
327
329
330
331
331
333
333
334
338
338
340
340
340
341
342
346
347
350
350
351
352
352
354
355
355
356
360
360
361
362
364
364
364
368
369
371
373
375
380
380
383
383
385
388
389
389
390
390
392
394
395
396
400
401
402
402
402
403
404
404
405
405
406
407
408
408
409
409
410
411
412
412
415
415
416
420
421
421
422
423
424
425
426
427
427
427
428
428
429
429
429
431
432
434
436
436
438
439
440
441
441
442
443
444
444
444
445
447
447
450
455
456
460
460
460
460
461
461
462
462
464
464
464
465
465
466
472
472
474
475
475
476
476
476
477
478
480
480
481
481
482
482
483
483
484
484
485
485
487
488
488
489
490
491
492
494
495
496
496
496
497