497
496
496
496
495
494
492
491
490
489
488
488
487
485
485
484
484
483
483
482
482
481
481
480
480
478
477
476
476
476
475
475
474
472
472
466
465
465
464
464
464
462
462
461
461
460
460
460
460
456
455
450
447
447
445
444
444
444
443
442
441
441
440
439
438
436
436
434
432
431
429
429
429
428
428
427
427
427
426
425
424
423
422
421
421
420
416
415
415
412
412
411
410
409
409
408
408
407
406
405
405
404
404
403
402
402
402
401
400
396
395
394
392
390
390
389
389
388
385
383
383
380
380
375
373
371
369
368
364
364
364
362
361
360
360
356
355
355
354
352
352
351
350
350
347
346
342
341
340
340
340
338
338
334
333
333
331
331
330
329
327
326
325
324
323
322
321
320
320
318
317
317
315
314
313
313
311
310
310
309
307
307
306
305
305
305
304
303
302
302
302
302
300
298
297
297
297
296
296
295
292
292
291
291
288
288
284
284
284
284
283
283
283
282
282
281
280
279
278
277
277
277
274
274
272
271
270
269
269
267
265
264
263
262
261
261
260
260
259
256
256
256
255
252
252
252
251
250
250
250
249
248
247
245
244
242
241
240
240
238
237
236
236
236
236
235
234
230
229
228
224
223
223
222
222
221
220
219
217
217
217
213
213
212
212
212
211
211
211
211
210
209
208
207
204
204
204
204
199
198
198
197
196
195
193
192
192
192
191
191
191
191
190
189
188
188
188
187
185
183
182
181
181
180
180
179
176
176
175
175
173
171
171
170
169
169
167
167
165
165
164
164
164
163
163
162
162
159
159
158
156
156
154
152
151
151
148
147
147
145
145
143
142
141
140
140
139
137
136
136
133
132
130
129
128
127
127
126
123
122
122
121
121
120
116
113
113
112
112
111
111
110
109
108
107
105
104
98
96
96
95
94
94
92
91
91
90
90
90
89
88
86
85
85
81
81
80
79
78
77
76
76
74
72
72
69
69
68
68
68
68
67
66
61
58
58
58
57
57
57
56
53
52
51
50
49
47
46
45
45
45
43
43
42
40
38
38
36
35
34
34
33
33
33
32
31
31
29
29
25
24
24
24
23
23
21
20
20
18
18
18
18
17
17
17
17
16
16
15
13
12
12
11
11
10
9
9
8
7
3