390
57
292
95
428
351
228
489
389
342
283
496
313
444
284
297
96
188
20
350
325
23
86
326
137
408
368
424
360
140
77
18
334
158
485
401
298
17
165
234
24
271
211
447
162
429
17
416
461
18
496
192
222
282
17
163
185
318
176
440
364
291
475
191
211
333
311
169
7
68
309
51
58
11
154
394
314
431
380
212
364
80
142
58
295
329
242
68
465
235
305
152
306
42
259
107
173
465
324
252
352
305
136
18
341
482
199
229
260
193
392
354
263
162
475
133
74
78
188
151
447
167
321
16
191
331
16
50
145
110
267
277
432
180
24
76
434
145
292
261
277
277
89
68
111
270
58
441
410
35
256
464
9
425
61
236
375
183
438
136
94
364
494
223
196
213
88
209
313
57
43
45
15
250
327
111
109
300
156
476
66
212
147
472
181
90
282
179
415
487
148
362
320
52
256
492
423
380
212
323
310
208
338
159
338
204
245
180
302
122
297
46
456
237
164
240
439
213
302
405
450
127
140
139
219
175
455
284
31
269
195
13
444
10
159
217
210
262
491
331
307
79
320
389
280
488
81
421
302
272
283
90
47
171
17
256
143
217
223
69
164
33
402
20
464
108
444
460
264
485
36
369
310
442
240
38
304
462
484
24
403
404
483
104
76
190
191
92
429
350
244
198
476
265
421
45
356
175
12
3
68
409
91
388
165
340
317
248
69
176
211
422
429
405
49
98
72
480
53
151
181
252
288
284
192
112
204
85
260
34
274
249
464
197
383
496
355
480
57
128
297
222
8
211
34
478
21
402
40
340
238
347
9
105
45
156
236
412
90
112
303
72
204
81
126
283
443
32
317
488
402
462
395
296
33
33
340
29
428
170
252
333
85
171
408
113
441
23
406
284
360
31
255
412
330
474
217
230
302
121
460
409
427
390
56
204
400
198
305
221
411
315
188
163
147
495
484
274
460
472
269
250
18
236
361
122
121
426
281
129
445
371
250
189
466
43
490
164
94
427
167
461
396
415
113
420
482
436
322
477
483
279
127
132
278
385
123
191
296
460
407
346
25
251
355
427
169
383
291
236
224
12
207
192
352
11
120
373
476
91
481
220
497
436
96
141
67
288
307
241
187
29
38
182
261
247
481
116
130
404